image	1
c0	2.72480519925e-07	1.87515666994e-07	9.51833612817e-07	0.999987840652	6.41876169993e-08	9.86084978649e-06	3.32061176778e-07	3.37814896056e-08	3.55073382252e-07	4.0671775281e-08	
c1	1.83185861147e-07	1.88029719084e-06	7.77064457225e-08	0.999991774559	8.21636447768e-08	2.83572990156e-06	1.71103920366e-06	8.65236131631e-08	1.20588310892e-06	6.38454906721e-08	
c2	5.90688209456e-09	1.29787247616e-08	3.0083338487e-08	0.999999642372	6.41559072534e-09	1.9270520113e-07	1.16209006862e-08	1.54793666773e-09	6.32908196962e-08	1.9095589554e-09	
c3	6.41346531438e-08	1.73738044396e-07	8.30551982745e-07	0.999997735023	8.9346329446e-08	3.73676385834e-07	4.83362498471e-07	9.74259677378e-08	7.05426046466e-08	4.01708923903e-08	
c4	6.70834424454e-07	1.11211124931e-06	5.61667275178e-06	0.99998486042	5.7311854107e-07	2.26029510486e-06	2.34664184973e-06	1.38811878969e-06	4.69730451869e-07	5.5274404076e-07	
c5	4.38146662418e-06	9.11265578907e-06	1.73082262336e-05	0.999919056892	5.7118559198e-06	1.21915463751e-05	1.34200417961e-05	6.04815386396e-06	7.47390322431e-06	5.24289407622e-06	
c6	0.000120934135339	0.000151282336446	0.000376468960894	0.998449683189	6.88803047524e-05	0.000277682178421	0.000200712223887	0.000165539677255	9.86773011391e-05	9.00857485249e-05	
c7	4.57739151898e-05	5.25370924152e-05	0.000111698507681	0.999366462231	5.13048071298e-05	8.98441721802e-05	9.25171043491e-05	0.000103428545117	4.01663164666e-05	4.62749885628e-05	
c8	0.000117852396215	0.000113577312732	0.000253843842074	0.998599231243	0.000184971795534	0.000182984760613	0.000206572047318	0.000158614493557	8.22129804874e-05	0.000100267578091	
c9	0.00015506928321	0.000139144336572	0.000299501349218	0.998256623745	0.000220458852709	0.000248408585321	0.000212535916944	0.000198781810468	0.00010841130279	0.000161147225299	
image	2
c0	